
state_marks = cell(5, 1);

state_marks{1} = [
    [0, 0, 0];
    [1, 0, 1];
    [2, 0, 2];
    [3, 0, 3];
    [4, 0, 4];
    [5, 0, 5];
    [6, 1, 5];
    [7, 1, 6];
    [7, 2, 6];
    [7, 3, 6];
    [7, 4, 6];
    [7, 5, 6];
    [7, 6, 6];
    [7, 7, 6];
    [7, 7, 7]
];

state_marks{2} = [
    [0, 0, 0];
    [1, 1, 1];
    [2, 2, 2];
    [3, 3, 3];
    [4, 4, 4];
    [5, 5, 4];
    [6, 6, 4];
    [7, 7, 4];
    [7, 7, 5];
    [7, 7, 6];
    [7, 7, 7];
    [7, 7, 7];
    [7, 7, 7];
    [7, 7, 7];
    [7, 7, 7]
];

state_marks{3} = [
    [0, 0, 0];
    [1, 0, 1];
    [2, 0, 2];
    [3, 0, 3];
    [4, 0, 4];
    [5, 0, 5];
    [6, 1, 5];
    [7, 1, 6];
    [7, 2, 6];
    [7, 3, 6];
    [7, 4, 6];
    [7, 5, 6];
    [7, 6, 6];
    [7, 7, 6];
    [7, 7, 7]
];

state_marks{4} = [
    [0, 0, 0];
    [1, 1, 1];
    [2, 2, 2];
    [3, 3, 3];
    [4, 4, 4];
    [5, 5, 4];
    [6, 6, 4];
    [7, 7, 4];
    [7, 7, 5];
    [7, 7, 6];
    [7, 7, 7];
    [7, 7, 7];
    [7, 7, 7];
    [7, 7, 7];
    [7, 7, 7]
];

state_marks{5} = [
    [0, 0, 0];
    [1, 1, 1];
    [2, 2, 2];
    [3, 3, 3];
    [4, 4, 4];
    [5, 5, 5];
    [6, 6, 6];
    [7, 7, 7];
    [7, 7, 7];
    [7, 7, 7];
    [7, 7, 7];
    [7, 7, 7];
    [7, 7, 7];
    [7, 7, 7];
    [7, 7, 7]
];

